1668268620758 2.3069863319396973 0
1668268632295 0.23177765309810638 0
1668268643811 0.314064621925354 0
1668268655899 0.08926746994256973 0
1668268668220 0.07599574327468872 0
1668268680461 0.06634438782930374 0
1668268691857 0.09209753572940826 0
1668268702461 0.023045744746923447 0
1668268714659 0.043605413287878036 0
1668268725627 0.021736182272434235 0
1668268737140 0.0688539668917656 0
1668268747574 0.013991973362863064 0
1668268758397 0.03313256800174713 0
1668268769821 0.015142292715609074 0
1668268781530 0.14120377600193024 0
1668268793821 0.046715062111616135 0
1668268805934 0.057241588830947876 0
1668268818032 0.04387086629867554 0
1668268829422 0.10493592172861099 0
1668268842506 0.08822839707136154 0
1668268856771 0.014002442359924316 0
1668268869348 0.05759645998477936 0
1668268881236 0.0038064508698880672 0
1668268892683 0.07130616903305054 0
1668268904191 0.026073772460222244 0
1668268915751 0.06252248585224152 0
1668268927334 0.004549344070255756 0
1668268938941 0.10625998675823212 0
1668268950505 0.09996189922094345 0
1668268962057 0.013263597153127193 0
1668268974170 0.11142955720424652 0
1668268985517 0.01443429198116064 0
1668268997483 0.005364350508898497 0
1668269009067 0.07664629071950912 0
1668269020760 0.006178472191095352 0
1668269032490 0.06634815782308578 0
1668269044160 0.032700613141059875 0
1668269055809 0.0909508466720581 0
1668269068305 0.0035332294646650553 0
1668269080967 0.05278763920068741 0
1668269093790 0.01919119618833065 0
1668269105082 0.07047712057828903 0
1668269117237 0.016717463731765747 0
1668269129466 0.011672001332044601 0
1668269141775 0.0625993013381958 0
1668269153965 0.11161251366138458 0
1668269166223 0.04617265984416008 0
1668269178381 0.0030571329407393932 0
1668269190647 0.025714706629514694 0
1668269203153 0.08062486350536346 0
