1668270157234 2.3069863319396973 0
1668270167461 0.23177765309810638 0
1668270178441 0.314064621925354 0
1668270189804 0.08926746994256973 0
1668270201556 0.07599574327468872 0
1668270213347 0.06634438782930374 0
1668270225183 0.09209753572940826 0
1668270236948 0.023045744746923447 0
1668270248875 0.043605413287878036 0
1668270260611 0.021736182272434235 0
1668270273089 0.0688539668917656 0
1668270284742 0.013991973362863064 0
1668270297463 0.03313256800174713 0
1668270310272 0.015142292715609074 0
1668270322940 0.14120377600193024 0
1668270335230 0.046715062111616135 0
1668270347178 0.057241588830947876 0
1668270359531 0.04387086629867554 0
1668270371797 0.10493592172861099 0
1668270384098 0.08822839707136154 0
1668270397455 0.014002442359924316 0
1668270408943 0.05759645998477936 0
1668270421234 0.0038064508698880672 0
1668270433532 0.07130616903305054 0
1668270445841 0.026073772460222244 0
1668270458278 0.06252248585224152 0
1668270471904 0.004549344070255756 0
1668270486640 0.10625998675823212 0
1668270500371 0.09996189922094345 0
1668270515434 0.013263597153127193 0
1668270532196 0.11142955720424652 0
1668270546019 0.01443429198116064 0
1668270560262 0.005364350508898497 0
1668270574267 0.07664629071950912 0
1668270588187 0.006178472191095352 0
1668270602625 0.06634815782308578 0
1668270617503 0.032700613141059875 0
1668270631948 0.0909508466720581 0
1668270646857 0.0035332294646650553 0
1668270661575 0.05278763920068741 0
1668270676519 0.01919119618833065 0
1668270690192 0.07047712057828903 0
1668270704622 0.016717463731765747 0
1668270718953 0.011672001332044601 0
1668270733372 0.0625993013381958 0
1668270747666 0.11161251366138458 0
1668270762632 0.04617265984416008 0
1668270777379 0.0030571329407393932 0
1668270791703 0.025714706629514694 0
1668270805873 0.08062486350536346 0
